data,data_dados,confirmados,confirmados_arsnorte,confirmados_arscentro,confirmados_arslvt,confirmados_arsalentejo,confirmados_arsalgarve,confirmados_acores,confirmados_madeira,confirmados_estrangeiro,confirmados_novos,recuperados,obitos,internados,internados_uci,lab,suspeitos,vigilancia,n_confirmados,cadeias_transmissao,transmissao_importada,confirmados_0_9_f,confirmados_0_9_m,confirmados_10_19_f,confirmados_10_19_m,confirmados_20_29_f,confirmados_20_29_m,confirmados_30_39_f,confirmados_30_39_m,confirmados_40_49_f,confirmados_40_49_m,confirmados_50_59_f,confirmados_50_59_m,confirmados_60_69_f,confirmados_60_69_m,confirmados_70_79_f,confirmados_70_79_m,confirmados_80_plus_f,confirmados_80_plus_m,sintomas_tosse,sintomas_febre,sintomas_dificuldade_respiratoria,sintomas_cefaleia,sintomas_dores_musculares,sintomas_fraqueza_generalizada,confirmados_f,confirmados_m,obitos_arsnorte,obitos_arscentro,obitos_arslvt,obitos_arsalentejo,obitos_arsalgarve,obitos_acores,obitos_madeira,obitos_estrangeiro,recuperados_arsnorte,recuperados_arscentro,recuperados_arslvt,recuperados_arsalentejo,recuperados_arsalgarve,recuperados_acores,recuperados_madeira,recuperados_estrangeiro,obitos_0_9_f,obitos_0_9_m,obitos_10_19_f,obitos_10_19_m,obitos_20_29_f,obitos_20_29_m,obitos_30_39_f,obitos_30_39_m,obitos_40_49_f,obitos_40_49_m,obitos_50_59_f,obitos_50_59_m,obitos_60_69_f,obitos_60_69_m,obitos_70_79_f,obitos_70_79_m,obitos_80_plus_f,obitos_80_plus_m,obitos_f,obitos_m
26-02-2020,26-02-2020 00:00,0,0,0,0,0,0,0,0,,0,0,0,,,,25,,,,,,,,,,,,,,,,,,,,,,,,,,,,,,,0,0,0,0,0,0,0,0,,,,,,,,,,,,,,,,,,,,,,,,,,,,
27-02-2020,27-02-2020 00:00,0,0,0,0,0,0,0,0,,0,0,0,,,,51,,,,,,,,,,,,,,,,,,,,,,,,,,,,,,,0,0,0,0,0,0,0,0,,,,,,,,,,,,,,,,,,,,,,,,,,,,
28-02-2020,28-02-2020 00:00,0,0,0,0,0,0,0,0,,0,0,0,,,,59,,,,,,,,,,,,,,,,,,,,,,,,,,,,,,,0,0,0,0,0,0,0,0,,,,,,,,,,,,,,,,,,,,,,,,,,,,
29-02-2020,29-02-2020 00:00,0,0,0,0,0,0,0,0,,0,0,0,,,,70,,,,,,,,,,,,,,,,,,,,,,,,,,,,,,,0,0,0,0,0,0,0,0,,,,,,,,,,,,,,,,,,,,,,,,,,,,
01-03-2020,01-03-2020 00:00,0,0,0,0,0,0,0,0,,0,0,0,,,,85,,,,,,,,,,,,,,,,,,,,,,,,,,,,,,,0,0,0,0,0,0,0,0,,,,,,,,,,,,,,,,,,,,,,,,,,,,
02-03-2020,02-03-2020 00:00,2,2,0,0,0,0,0,0,,2,0,0,,,,85,,,,,,,,,,,,,,,,,,,,,,,,,,,,,,,0,0,0,0,0,0,0,0,,,,,,,,,,,,,,,,,,,,,,,,,,,,
03-03-2020,03-03-2020 16:00,4,2,1,1,0,0,0,0,,2,0,0,,,,101,,,,2,0,0,0,0,0,0,0,2,0,1,0,0,0,1,0,0,0,0,0.5,0.5,,0.25,0.5,0.25,,,0,0,0,0,0,0,0,0,,,,,,,,,,,,,,,,,,,,,,,,,,,,
04-03-2020,04-03-2020 17:00,6,3,1,2,0,0,0,0,,2,0,0,,,,117,81,,,4,0,0,0,0,0,0,0,2,1,2,0,0,0,1,0,0,0,0,0.5,0.83,,0.5,0.5,0.17,,,0,0,0,0,0,0,0,0,,,,,,,,,,,,,,,,,,,,,,,,,,,,
05-03-2020,05-03-2020 17:00,9,5,1,3,0,0,0,0,,3,0,0,9,,,147,213,,,5,0,0,0,0,0,0,0,2,1,3,0,1,0,2,0,0,0,0,0.67,0.89,0.11,0.33,0.56,0.33,,,0,0,0,0,0,0,0,0,,,,,,,,,,,,,,,,,,,,,,,,,,,,
06-03-2020,06-03-2020 17:00,13,8,1,4,0,0,0,0,,4,0,0,13,,30,181,354,,5,5,0,0,0,0,0,0,0,2,1,5,0,2,0,2,1,0,0,0,0.62,0.85,0.15,0.23,0.46,0.31,,,0,0,0,0,0,0,0,0,,,,,,,,,,,,,,,,,,,,,,,,,,,,
07-03-2020,07-03-2020 17:00,21,15,1,5,0,0,0,0,,8,0,0,21,,47,224,412,,5,5,0,0,1,2,0,1,1,2,2,6,0,2,1,2,1,0,0,0,0.71,0.62,0.14,0.43,0.48,0.43,,,0,0,0,0,0,0,0,0,,,,,,,,,,,,,,,,,,,,,,,,,,,,
08-03-2020,08-03-2020 17:30,30,22,1,6,0,1,0,0,,9,0,0,30,,56,281,447,,4,6,0,0,3,2,1,1,1,3,4,6,0,3,1,3,2,0,0,0,0.77,0.6,0.17,0.47,0.57,0.47,,,0,0,0,0,0,0,0,0,,,,,,,,,,,,,,,,,,,,,,,,,,,,
09-03-2020,09-03-2020 18:45,39,27,1,9,0,2,0,0,,9,0,0,38,,67,339,496,,6,7,0,0,3,3,1,1,2,4,7,7,1,3,1,3,3,0,0,0,0.69,0.54,0.13,0.46,0.49,0.38,,,0,0,0,0,0,0,0,0,,,,,,,,,,,,,,,,,,,,,,,,,,,,
10-03-2020,10-03-2020 10:00,41,27,2,10,0,2,0,0,,2,0,0,40,,83,375,667,,6,8,0,0,3,3,1,1,2,4,7,7,1,3,1,5,3,0,0,0,0.71,0.56,0.15,0.46,0.51,0.41,,,0,0,0,0,0,0,0,0,,,,,,,,,,,,,,,,,,,,,,,,,,,,
11-03-2020,11-03-2020 00:00,59,36,3,17,0,3,0,0,,18,0,0,57,,83,471,3066,,6,12,0,1,6,5,1,3,5,4,9,7,1,4,1,5,3,2,0,2,0.66,0.47,0.1,0.42,0.46,0.31,,,0,0,0,0,0,0,0,0,,,,,,,,,,,,,,,,,,,,,,,,,,,,
12-03-2020,12-03-2020 00:00,78,44,5,23,0,5,0,0,1,19,0,0,69,,133,637,4923,,6,19,0,1,7,5,1,6,6,8,10,11,1,8,1,6,3,2,0,2,0.65,0.46,0.1,0.37,0.4,0.24,,,0,0,0,0,0,0,0,0,,,,,,,,,,,,,,,,,,,,,,,,,,,,
13-03-2020,13-03-2020 00:00,112,53,6,46,0,6,0,0,1,34,0,0,107,,172,1308,5674,,11,33,0,1,10,5,3,8,9,15,14,14,2,12,3,8,3,3,0,2,0.65,0.48,0.12,0.39,0.37,0.24,,,0,0,0,0,0,0,0,0,,,,,,,,,,,,,,,,,,,,,,,,,,,,
14-03-2020,14-03-2020 00:00,169,77,8,73,0,7,0,0,4,57,1,0,114,10,126,1704,5011,,11,39,0,1,13,6,7,12,17,20,19,22,5,21,3,9,4,7,1,2,0.54,0.39,0.1,0.33,0.34,0.21,,,0,0,0,0,0,0,0,0,,,,,,,,,,,,,,,,,,,,,,,,,,,,
15-03-2020,15-03-2020 00:00,245,103,10,116,0,10,1,0,5,76,2,0,139,9,281,2271,4592,1746,14,47,0,1,17,8,12,16,25,30,27,26,16,27,6,12,5,12,3,2,0.53,0.31,0.09,0.19,0.18,0.13,,,0,0,0,0,0,0,0,0,,,,,,,,,,,,,,,,,,,,,,,,,,,,
16-03-2020,16-03-2020 00:00,331,138,31,142,0,13,1,0,5,86,3,0,139,18,374,2908,4592,2203,18,47,2,1,17,10,17,21,30,35,32,36,21,31,11,26,10,18,8,4,0.53,0.31,0.09,0.19,0.18,0.13,,,0,0,0,0,0,0,0,0,,,,,,,,,,,,,,,,,,,,,,,,,,,,
17-03-2020,17-03-2020 00:00,448,196,51,180,0,14,1,0,6,117,3,1,206,17,323,4030,6852,3259,19,61,2,1,19,13,21,34,37,51,47,46,32,41,18,34,13,22,12,5,0.33,0.27,0.1,0.17,0.19,0.14,,,0,0,1,0,0,0,0,0,,,,,,,,,,,,,,,,,,,,,,,,,,,,
18-03-2020,18-03-2020 00:00,642,289,74,243,2,21,3,1,9,194,3,1,89,20,351,5067,6656,4074,24,62,13,3,21,15,42,45,55,62,75,63,50,42,49,28,32,17,11,19,0.31,0.24,0.1,0.17,0.17,0.12,,,0,0,1,0,0,0,0,0,,,,,,,,,,,,,,,,,,,,,,,,,,,,
19-03-2020,19-03-2020 00:00,785,381,86,278,2,25,3,1,9,143,3,3,89,20,488,6061,8091,4788,24,71,14,3,22,17,51,51,75,71,89,78,60,61,35,61,23,36,21,17,0.25,0.2,0.08,0.14,0.14,0.1,390,395,0,1,2,0,0,0,0,0,,,,,,,,,,,,,,,,,,,,,,,,,,,,
20-03-2020,20-03-2020 00:00,1020,506,106,361,2,29,3,1,9,235,5,6,126,26,850,7732,9008,5862,24,95,14,4,23,21,65,61,92,95,106,90,90,84,53,79,35,55,27,25,0.2,0.15,0.06,0.11,0.11,0.08,506,514,1,2,2,0,1,0,0,0,,,,,,,,,,,,,,,,,,,,,,,,,,,,
21-03-2020,21-03-2020 00:00,1280,644,137,448,3,31,3,5,9,260,5,12,156,35,1059,9854,13155,7515,,104,14,4,27,22,89,68,118,116,133,109,113,101,75,105,42,71,38,35,0.1,0.22,0.09,0.14,0.17,0.11,649,631,4,4,3,0,1,0,0,0,,,,,,,,,,,,,,,,,,,,,,,,,,,,
22-03-2020,22-03-2020 00:00,1600,825,180,534,5,35,4,7,10,320,5,14,169,41,1152,11779,12562,9027,,114,17,6,31,26,105,82,148,140,173,141,154,128,91,122,51,90,51,44,0.44,0.36,0.14,0.2,0.24,0.16,821,779,5,4,4,0,1,0,0,0,,,,,,,,,,,,,,,,,,,,,,,,,,,,
23-03-2020,23-03-2020 00:00,2060,1007,238,737,5,42,11,9,11,460,14,23,201,47,1402,13674,11842,10212,,142,18,7,36,30,140,100,181,166,226,178,194,167,127,167,73,107,85,58,0.72,0.6,0.23,0.34,0.42,0.28,1080,980,9,5,8,0,1,0,0,0,3,7,4,0,0,0,0,0,,,,,,,,,,,,,,,,,,,,
24-03-2020,24-03-2020 00:00,2362,1130,293,852,6,46,12,12,11,302,22,33,203,48,1783,15474,11842,11329,,142,18,7,35,30,145,133,206,188,224,224,215,208,190,158,106,107,95,73,0.7,0.58,0.24,0.34,0.42,0.27,1234,1128,14,6,12,0,1,0,0,0,3,8,11,0,0,0,0,0,0,0,0,0,0,0,0,0,0,0,1,2,0,4,0,5,9,12,10,23
25-03-2020,25-03-2020 00:00,2995,1517,365,992,12,62,17,16,14,633,22,43,276,61,1591,21155,13624,16569,,155,21,13,42,35,191,157,260,230,279,272,283,252,226,198,134,142,150,110,0.51,0.62,0.19,0.28,0.36,0.23,1586,1409,20,10,12,0,1,0,0,0,3,8,11,0,0,0,0,0,0,0,0,0,0,0,0,0,0,0,1,3,0,7,0,7,12,13,13,30
26-03-2020,26-03-2020 00:00,3544,1858,435,1082,20,89,24,15,21,549,43,60,191,61,1995,22257,14994,16718,,330,29,14,51,49,234,166,310,268,367,304,360,277,229,255,133,184,186,128,0.48,0.53,0.19,0.63,0.31,0.37,1899,1645,28,13,18,0,1,0,0,0,3,8,11,0,0,0,0,0,0,0,0,0,0,0,0,0,0,0,1,3,0,8,1,14,17,16,19,41
27-03-2020,27-03-2020 00:00,4268,2443,520,1110,30,99,24,21,21,724,43,76,354,71,3995,25431,19816,17168,,330,30,19,54,50,254,179,364,307,462,359,429,346,294,319,179,236,222,161,0.5,0.6,0.19,0.28,0.35,0.24,2288,1976,33,18,24,0,1,0,0,0,16,10,17,0,0,0,0,0,0,0,0,0,0,0,0,0,1,0,1,3,1,9,4,14,20,23,27,49
28-03-2020,28-03-2020 00:00,5170,3035,647,1287,34,106,30,31,,902,43,100,418,89,4938,32754,19927,22646,,330,34,22,67,56,302,216,439,362,568,434,533,398,359,377,224,286,285,208,0.41,0.49,0.15,0.23,0.28,0.19,2811,2359,44,28,27,0,1,0,0,,16,10,17,0,0,0,0,0,0,0,0,0,0,0,0,0,2,0,1,4,1,13,4,17,27,31,35,65
29-03-2020,29-03-2020 00:00,5962,3550,709,1478,41,108,33,43,,792,43,119,486,138,5508,38042,17785,26572,,427,40,24,75,63,347,241,495,407,664,482,615,469,412,438,275,336,334,245,0.52,0.62,0.2,0.29,0.35,0.24,3257,2705,61,28,28,0,2,0,0,,16,10,17,0,0,0,0,0,0,0,0,0,0,0,0,0,2,0,1,4,1,14,7,20,32,38,43,76
30-03-2020,30-03-2020 00:00,6408,3801,784,1577,45,116,41,44,,446,43,140,571,164,4845,44206,11482,32953,,431,41,30,83,66,373,264,529,436,700,510,647,503,443,458,308,360,388,269,0.51,0.61,0.19,0.29,0.35,0.24,3512,2896,74,34,30,0,2,0,0,,16,10,17,0,0,0,0,0,0,0,0,0,0,0,0,0,2,0,1,5,1,15,8,23,40,45,52,88
31-03-2020,31-03-2020 00:00,7443,4452,911,1799,50,137,48,46,,1035,43,160,627,188,4610,52086,19260,40033,,504,50,44,104,80,437,318,610,505,798,585,773,573,513,515,342,416,462,318,0.5,0.62,0.19,0.29,0.34,0.24,4089,3354,83,40,35,0,2,0,0,,16,10,17,0,0,0,0,0,0,0,0,0,0,0,0,0,2,0,1,5,1,16,13,25,47,50,64,96
01-04-2020,01-04-2020 00:00,8251,4910,1043,1998,54,146,52,48,,808,43,187,726,230,4957,59457,20275,46249,,532,55,49,116,89,470,355,677,543,879,641,840,636,569,564,378,455,554,381,0.61,0.49,0.19,0.29,0.33,0.24,4538,3713,95,52,38,0,2,0,0,,16,10,17,0,0,0,0,0,0,0,0,0,0,0,0,0,2,0,1,6,1,16,14,27,58,62,76,111
02-04-2020,02-04-2020 00:00,9034,5338,1161,2207,59,164,57,48,,783,68,209,1042,240,4958,66895,21798,52903,,550,63,52,122,97,506,390,735,593,970,681,929,701,622,605,402,490,641,435,0.6,0.49,0.19,0.28,0.33,0.25,4990,4044,107,55,44,0,3,0,0,,,,,,,,,,0,0,0,0,0,0,0,0,2,0,2,6,2,16,15,30,63,73,84,125
03-04-2020,03-04-2020 00:00,9886,5899,1286,2347,62,179,63,50,,852,68,246,1058,245,5392,74377,22556,59099,,576,65,68,132,104,580,425,825,648,1093,734,1025,761,679,646,420,525,690,466,0.48,0.6,0.18,0.29,0.33,0.25,5509,4377,130,61,51,1,3,0,0,,,,,,,,,,0,0,0,0,0,0,0,0,2,0,2,7,3,18,23,35,73,83,103,143
04-04-2020,04-04-2020 00:00,10524,6280,1372,2513,63,182,63,51,,638,75,266,1075,251,5518,81087,22858,65045,,603,74,76,137,115,632,450,877,690,1157,771,1095,813,723,673,450,549,747,495,0.47,0.6,0.18,0.28,0.32,0.25,5892,4632,141,66,54,0,5,0,0,,,,,,,,,,0,0,0,0,0,0,0,0,3,1,2,6,4,20,22,38,86,84,117,149
05-04-2020,05-04-2020 00:00,11278,6530,1442,2904,82,201,67,52,,754,75,295,1084,267,4962,86370,23209,70130,,619,81,81,153,123,692,487,933,738,1232,826,1170,863,777,714,479,580,817,532,0.46,0.6,0.17,0.29,0.32,0.25,6334,4944,158,72,58,0,7,0,0,,,,,,,,,,0,0,0,0,0,0,0,0,3,1,2,6,6,21,24,42,92,98,127,168
06-04-2020,06-04-2020 00:00,11730,6706,1521,3070,84,229,68,52,,452,140,311,1099,270,4500,91794,23470,75564,,623,87,87,155,130,708,507,963,768,1269,860,1217,883,802,733,503,599,897,562,0.6,0.46,0.17,0.28,0.32,0.24,6601,5129,168,76,60,0,7,0,0,,,,,,,,,,0,0,0,0,0,0,0,0,3,1,2,6,7,22,26,45,99,100,137,174
07-04-2020,07-04-2020 00:00,12442,7052,1766,3185,85,234,68,52,,712,184,345,1180,271,4442,99730,25070,82846,,637,87,92,166,140,756,538,1021,797,1338,901,1296,920,845,769,530,629,1012,605,0.59,0.46,0.17,0.28,0.31,0.24,7051,5391,186,88,64,0,7,0,0,,,,,,,,,,0,0,0,0,0,0,0,0,3,1,2,7,10,25,28,50,114,105,157,188
08-04-2020,08-04-2020 00:00,13141,7386,1865,3424,93,251,70,52,,699,196,380,1211,245,5903,104886,24481,85842,,637,95,97,175,148,796,567,1093,831,1423,957,1386,966,896,814,568,658,1052,619,0.59,0.46,0.17,0.28,0.31,0.24,7484,5657,208,96,68,0,8,0,0,,,,,,,,,,0,0,0,0,0,0,0,0,3,1,2,8,12,26,34,53,125,116,176,204
09-04-2020,09-04-2020 00:00,13956,8102,1905,3451,94,260,91,53,,815,205,409,1173,241,3801,115158,24708,97401,,642,101,105,190,161,846,598,1141,872,1483,1000,1452,1005,938,842,608,676,1235,703,0.45,0.58,0.17,0.28,0.31,0.23,7994,5962,224,104,72,0,8,1,0,,,,,,,,,,0,0,0,0,0,0,0,0,3,1,2,8,12,30,34,54,139,126,190,219
10-04-2020,10-04-2020 00:00,15472,8897,2197,3821,125,279,94,59,,1516,233,435,1179,226,4509,123564,25914,103583,,660,119,126,214,186,959,649,1261,954,1641,1094,1619,1093,1035,924,682,724,1415,777,0.57,0.43,0.17,0.27,0.3,0.23,8945,6527,240,107,78,0,8,2,0,,,,,,,,,,0,0,0,0,0,0,0,0,3,1,2,10,12,31,35,57,151,133,203,232
11-04-2020,11-04-2020 00:00,15987,9264,2327,3834,130,279,94,59,,515,266,470,1175,233,3961,130300,25432,110352,,660,132,133,224,191,982,657,1290,966,1701,1116,1665,1127,1065,945,714,746,1517,816,0.56,0.42,0.17,0.26,0.29,0.23,9290,6697,258,113,87,0,9,3,0,,,,,,,,,,0,0,0,0,0,0,0,0,3,1,3,13,13,35,38,62,161,141,218,252
12-04-2020,12-04-2020 00:00,16585,9747,2426,3841,139,279,94,59,,598,277,504,1177,228,3611,136243,25041,116047,,697,147,136,229,201,1030,681,1329,995,1752,1143,1728,1163,1101,972,750,767,1616,845,0.56,0.42,0.17,0.26,0.29,0.23,9682,6903,280,120,91,0,9,4,0,,,,,,,,,,0,0,0,0,0,0,0,0,4,1,3,13,13,35,40,68,180,147,240,264
13-04-2020,13-04-2020 00:00,16934,9984,2477,3896,140,284,94,59,,349,277,535,1187,188,3264,139184,26989,118986,,707,147,137,229,206,1059,704,1362,1010,1773,1159,1762,1180,1120,986,781,784,1676,859,0.55,0.41,0.16,0.26,0.29,0.23,9909,7025,303,123,96,0,9,4,0,,,,,,,,,,0,0,0,0,0,0,0,0,5,1,4,13,16,37,43,68,194,154,262,273
14-04-2020,14-04-2020 00:00,17448,10302,2549,3994,155,289,100,59,,514,347,567,1227,218,2474,142514,23265,122592,,707,147,143,241,210,1094,726,1397,1025,1829,1176,1817,1211,1173,995,824,802,1754,884,0.54,0.41,0.16,0.26,0.28,0.23,10276,7172,321,131,102,0,9,4,0,,,,,,,,,,0,0,0,0,0,0,0,0,5,2,5,13,17,39,45,71,208,162,280,287
15-04-2020,15-04-2020 00:00,18091,10751,2629,4102,155,295,100,59,,643,383,599,1200,208,4060,150804,26144,128653,,723,153,151,250,220,1144,754,1457,1049,1903,1221,1890,1243,1212,1030,840,833,1821,920,0.54,0.4,0.16,0.25,0.28,0.23,10670,7421,339,136,111,0,9,4,0,,,,,,,,,,0,0,0,0,0,0,0,0,5,2,5,13,19,39,49,76,218,173,296,303
16-04-2020,16-04-2020 00:00,18841,11237,2756,4237,156,300,102,53,,750,493,629,1302,229,3910,154727,26065,131976,,729,164,157,259,226,1205,789,1530,1094,1982,1285,1977,1302,1251,1068,867,848,1887,950,0.56,0.41,0.17,0.25,0.29,0.24,11122,7719,355,146,115,0,9,4,0,,,,,,,,,,0,0,0,0,0,0,0,0,5,3,5,13,19,40,52,79,230,183,311,318
17-04-2020,17-04-2020 00:00,19022,11324,2778,4302,158,305,102,53,,181,519,657,1284,222,4805,158940,25456,135113,,731,165,157,261,226,1217,796,1543,1106,1997,1299,1996,1310,1264,1077,880,851,1917,960,0.53,0.38,0.16,0.25,0.27,0.21,11240,7782,377,148,119,0,9,4,0,,,,,,,,,,0,0,0,0,0,0,0,0,5,3,5,13,19,42,54,83,240,193,323,334
18-04-2020,18-04-2020 00:00,19685,11762,2863,4438,158,306,104,54,,663,610,687,1253,228,5166,162711,25456,137860,,735,171,157,277,231,1269,828,1601,1150,2056,1332,2073,1349,1300,1107,909,876,1999,1000,0.53,0.38,0.16,0.25,0.27,0.21,11655,8030,393,157,124,0,9,4,0,,,,,,,,,,0,0,0,0,0,0,0,0,5,3,5,14,21,43,58,87,250,201,339,348
19-04-2020,19-04-2020 00:00,20206,12148,2923,4500,158,310,106,61,,521,610,714,1243,224,4959,187604,27947,162439,,735,181,164,290,246,1293,856,1650,1181,2112,1361,2133,1377,1321,1123,935,891,2062,1030,0.52,0.38,0.16,0.25,0.27,0.21,11977,8229,409,164,126,0,10,5,0,,,,,,,,,,0,0,0,0,0,0,0,0,5,3,5,15,22,43,63,88,261,209,356,358
